1.218750
1.234375
1.218750
1.203125
0.000000
0.000000
1.578125
1.750000
1.578125
1.015625
1.578125
1.046875
1.515625
1.890625
0.000000
1.015625
1.312500
0.000000
0.000000
1.640625
1.687500
0.500000
1.828125
1.781250
1.718750
1.812500
1.718750
0.000000
1.046875
1.062500
0.000000
0.000000
0.750000
0.765625
0.000000
1.296875
1.312500
0.000000
0.000000
1.015625
1.078125
0.796875
1.531250
1.812500
0.500000
1.578125
1.796875
1.734375
0.500000
0.718750
0.890625
0.828125
0.625000
1.812500
1.750000
0.734375
1.687500
1.703125
0.718750
1.593750
1.718750
1.812500
0.500000
1.687500
1.531250
1.718750
1.593750
1.687500
0.703125
0.718750
0.718750
0.812500
0.000000
1.515625
1.515625
1.289062
0.000000
0.000000
1.343750
1.453125
0.234375
0.804688
0.460938
1.531250
1.023438
1.585938
0.687500
1.171875
0.406250
1.101562
0.617188
1.570312
1.085938
1.609375
0.484375
0.750000
0.156250
1.421875
1.382812
0.078125
0.703125
0.515625
1.687500
1.140625
1.554688
0.546875
1.039062
0.406250
1.242188
0.757812
1.593750
0.960938
1.453125
0.445312
0.859375
0.312500
1.484375
1.296875
1.921875
0.617188
0.578125
1.843750
1.250000
1.515625
0.390625
0.914062
0.429688
1.382812
0.898438
1.593750
0.828125
1.312500
0.414062
0.976562
0.468750
1.539062
1.195312
1.765625
0.546875
0.664062
0.000000
1.343750
1.453125
0.234375
0.804688
