//  
//  Project: Experiment 6.6.3 128-point floating-point FFT - Chapter 6 
//  File name: input_f.dat    
// 
//  Description: This is the data file for the FFT experiment 
// 
//  For the book "Real Time Digital Signal Processing:  
//                Implementation and Application, 2nd Ed" 
//                By Sen M. Kuo, Bob H. Lee, and Wenshun Tian 
//                Publisher: John Wiley and Sons, Ltd 
// 
//  Tools used: CCS v.2.12.07 
//              TMS320VC5510 DSK Rev-C 
// 
 
float input7_f[1664]={ // Floating-point data for experiment 6.6.3   
0.000000, 
0.146730, 
0.290285, 
0.427555, 
0.555570, 
0.671559, 
0.773010, 
0.857729, 
0.923880, 
0.970031, 
0.995185, 
0.998795, 
0.980785, 
0.941544, 
0.881921, 
0.803207, 
0.707107, 
0.595699, 
0.471397, 
0.336890, 
0.195090, 
0.049068, 
-0.098017, 
-0.242980, 
-0.382684, 
-0.514103, 
-0.634393, 
-0.740951, 
-0.831470, 
-0.903989, 
-0.956940, 
-0.989177, 
-1.000000, 
-0.989176, 
-0.956940, 
-0.903989, 
-0.831470, 
-0.740951, 
-0.634393, 
-0.514103, 
-0.382683, 
-0.242980, 
-0.098017, 
0.049068, 
0.195090, 
0.336890, 
0.471397, 
0.595699, 
0.707107, 
0.803208, 
0.881921, 
0.941544, 
0.980785, 
0.998795, 
0.995185, 
0.970031, 
0.923879, 
0.857728, 
0.773010, 
0.671559, 
0.555570, 
0.427555, 
0.290284, 
0.146730, 
0.000000, 
-0.146731, 
-0.290285, 
-0.427555, 
-0.555570, 
-0.671559, 
-0.773011, 
-0.857729, 
-0.923880, 
-0.970031, 
-0.995185, 
-0.998795, 
-0.980785, 
-0.941544, 
-0.881921, 
-0.803207, 
-0.707107, 
-0.595699, 
-0.471396, 
-0.336890, 
-0.195090, 
-0.049067, 
0.098017, 
0.242981, 
0.382684, 
0.514103, 
0.634394, 
0.740951, 
0.831470, 
0.903989, 
0.956940, 
0.989177, 
1.000000, 
0.989176, 
0.956940, 
0.903989, 
0.831469, 
0.740951, 
0.634393, 
0.514102, 
0.382683, 
0.242980, 
0.098017, 
-0.049068, 
-0.195091, 
-0.336890, 
-0.471397, 
-0.595700, 
-0.707107, 
-0.803208, 
-0.881921, 
-0.941544, 
-0.980785, 
-0.998795, 
-0.995185, 
-0.970031, 
-0.923879, 
-0.857728, 
-0.773010, 
-0.671559, 
-0.555570, 
-0.427555, 
-0.290284, 
-0.146730, 
0.000000, 
0.195090, 
0.382683, 
0.555570, 
0.707107, 
0.831470, 
0.923880, 
0.980785, 
1.000000, 
0.980785, 
0.923880, 
0.831470, 
0.707107, 
0.555570, 
0.382683, 
0.195090, 
0.000000, 
-0.195090, 
-0.382684, 
-0.555570, 
-0.707107, 
-0.831470, 
-0.923880, 
-0.980785, 
-1.000000, 
-0.980785, 
-0.923879, 
-0.831470, 
-0.707107, 
-0.555570, 
-0.382683, 
-0.195090, 
0.000000, 
0.195090, 
0.382684, 
0.555570, 
0.707107, 
0.831470, 
0.923880, 
0.980785, 
1.000000, 
0.980785, 
0.923879, 
0.831469, 
0.707107, 
0.555570, 
0.382683, 
0.195090, 
0.000000, 
-0.195091, 
-0.382684, 
-0.555570, 
-0.707107, 
-0.831470, 
-0.923880, 
-0.980785, 
-1.000000, 
-0.980785, 
-0.923879, 
-0.831469, 
-0.707107, 
-0.555570, 
-0.382683, 
-0.195090, 
0.000000, 
0.195091, 
0.382684, 
0.555571, 
0.707107, 
0.831470, 
0.923880, 
0.980785, 
1.000000, 
0.980785, 
0.923879, 
0.831469, 
0.707106, 
0.555570, 
0.382683, 
0.195090, 
0.000000, 
-0.195091, 
-0.382684, 
-0.555571, 
-0.707107, 
-0.831470, 
-0.923880, 
-0.980785, 
-1.000000, 
-0.980785, 
-0.923879, 
-0.831469, 
-0.707106, 
-0.555570, 
-0.382683, 
-0.195090, 
0.000001, 
0.195091, 
0.382684, 
0.555571, 
0.707107, 
0.831470, 
0.923880, 
0.980785, 
1.000000, 
0.980785, 
0.923879, 
0.831469, 
0.707106, 
0.555570, 
0.382683, 
0.195090, 
-0.000001, 
-0.195091, 
-0.382684, 
-0.555571, 
-0.707107, 
-0.831470, 
-0.923880, 
-0.980785, 
-1.000000, 
-0.980785, 
-0.923879, 
-0.831469, 
-0.707106, 
-0.555570, 
-0.382683, 
-0.195090, 
0.000000, 
0.242980, 
0.471397, 
0.671559, 
0.831470, 
0.941544, 
0.995185, 
0.989177, 
0.923880, 
0.803207, 
0.634393, 
0.427555, 
0.195090, 
-0.049068, 
-0.290285, 
-0.514103, 
-0.707107, 
-0.857729, 
-0.956940, 
-0.998795, 
-0.980785, 
-0.903989, 
-0.773010, 
-0.595699, 
-0.382683, 
-0.146730, 
0.098017, 
0.336890, 
0.555570, 
0.740951, 
0.881921, 
0.970031, 
1.000000, 
0.970031, 
0.881921, 
0.740951, 
0.555570, 
0.336890, 
0.098017, 
-0.146731, 
-0.382684, 
-0.595700, 
-0.773011, 
-0.903989, 
-0.980785, 
-0.998795, 
-0.956940, 
-0.857728, 
-0.707107, 
-0.514102, 
-0.290284, 
-0.049067, 
0.195091, 
0.427555, 
0.634394, 
0.803208, 
0.923880, 
0.989177, 
0.995185, 
0.941544, 
0.831469, 
0.671559, 
0.471396, 
0.242980, 
0.000000, 
-0.242981, 
-0.471397, 
-0.671559, 
-0.831470, 
-0.941544, 
-0.995185, 
-0.989176, 
-0.923879, 
-0.803207, 
-0.634393, 
-0.427555, 
-0.195090, 
0.049068, 
0.290285, 
0.514103, 
0.707107, 
0.857729, 
0.956940, 
0.998795, 
0.980785, 
0.903989, 
0.773010, 
0.595699, 
0.382683, 
0.146730, 
-0.098018, 
-0.336890, 
-0.555571, 
-0.740952, 
-0.881922, 
-0.970031, 
-1.000000, 
-0.970031, 
-0.881921, 
-0.740951, 
-0.555570, 
-0.336889, 
-0.098016, 
0.146731, 
0.382684, 
0.595700, 
0.773011, 
0.903990, 
0.980785, 
0.998795, 
0.956940, 
0.857728, 
0.707106, 
0.514102, 
0.290284, 
0.049067, 
-0.195091, 
-0.427556, 
-0.634394, 
-0.803208, 
-0.923880, 
-0.989177, 
-0.995185, 
-0.941544, 
-0.831469, 
-0.671558, 
-0.471396, 
-0.242979, 
0.000000, 
0.290285, 
0.555570, 
0.773010, 
0.923880, 
0.995185, 
0.980785, 
0.881921, 
0.707107, 
0.471397, 
0.195090, 
-0.098017, 
-0.382684, 
-0.634393, 
-0.831470, 
-0.956940, 
-1.000000, 
-0.956940, 
-0.831470, 
-0.634393, 
-0.382683, 
-0.098017, 
0.195090, 
0.471397, 
0.707107, 
0.881921, 
0.980785, 
0.995185, 
0.923879, 
0.773010, 
0.555570, 
0.290284, 
0.000000, 
-0.290285, 
-0.555570, 
-0.773011, 
-0.923880, 
-0.995185, 
-0.980785, 
-0.881921, 
-0.707107, 
-0.471396, 
-0.195090, 
0.098017, 
0.382684, 
0.634394, 
0.831470, 
0.956940, 
1.000000, 
0.956940, 
0.831469, 
0.634393, 
0.382683, 
0.098017, 
-0.195091, 
-0.471397, 
-0.707107, 
-0.881921, 
-0.980785, 
-0.995185, 
-0.923879, 
-0.773010, 
-0.555570, 
-0.290284, 
0.000001, 
0.290285, 
0.555571, 
0.773011, 
0.923880, 
0.995185, 
0.980785, 
0.881921, 
0.707106, 
0.471396, 
0.195090, 
-0.098018, 
-0.382684, 
-0.634394, 
-0.831470, 
-0.956941, 
-1.000000, 
-0.956940, 
-0.831469, 
-0.634393, 
-0.382683, 
-0.098016, 
0.195091, 
0.471397, 
0.707107, 
0.881922, 
0.980785, 
0.995185, 
0.923879, 
0.773010, 
0.555570, 
0.290284, 
-0.000001, 
-0.290285, 
-0.555571, 
-0.773011, 
-0.923880, 
-0.995185, 
-0.980785, 
-0.881921, 
-0.707106, 
-0.471396, 
-0.195089, 
0.098018, 
0.382684, 
0.634394, 
0.831470, 
0.956941, 
1.000000, 
0.956940, 
0.831469, 
0.634393, 
0.382683, 
0.098016, 
-0.195091, 
-0.471398, 
-0.707107, 
-0.881922, 
-0.980785, 
-0.995185, 
-0.923879, 
-0.773010, 
-0.555569, 
-0.290284, 
0.000000, 
0.336890, 
0.634393, 
0.857729, 
0.980785, 
0.989177, 
0.881921, 
0.671559, 
0.382683, 
0.049068, 
-0.290285, 
-0.595699, 
-0.831470, 
-0.970031, 
-0.995185, 
-0.903989, 
-0.707107, 
-0.427555, 
-0.098017, 
0.242980, 
0.555570, 
0.803208, 
0.956940, 
0.998795, 
0.923879, 
0.740951, 
0.471397, 
0.146730, 
-0.195091, 
-0.514103, 
-0.773011, 
-0.941544, 
-1.000000, 
-0.941544, 
-0.773010, 
-0.514102, 
-0.195090, 
0.146731, 
0.471397, 
0.740951, 
0.923880, 
0.998795, 
0.956940, 
0.803207, 
0.555570, 
0.242980, 
-0.098018, 
-0.427555, 
-0.707107, 
-0.903989, 
-0.995185, 
-0.970031, 
-0.831469, 
-0.595699, 
-0.290284, 
0.049068, 
0.382684, 
0.671559, 
0.881922, 
0.989177, 
0.980785, 
0.857728, 
0.634393, 
0.336889, 
-0.000001, 
-0.336890, 
-0.634394, 
-0.857729, 
-0.980785, 
-0.989176, 
-0.881921, 
-0.671558, 
-0.382683, 
-0.049067, 
0.290285, 
0.595700, 
0.831470, 
0.970031, 
0.995185, 
0.903989, 
0.707106, 
0.427554, 
0.098016, 
-0.242981, 
-0.555571, 
-0.803208, 
-0.956941, 
-0.998795, 
-0.923879, 
-0.740951, 
-0.471396, 
-0.146730, 
0.195091, 
0.514104, 
0.773011, 
0.941544, 
1.000000, 
0.941544, 
0.773010, 
0.514102, 
0.195089, 
-0.146731, 
-0.471398, 
-0.740952, 
-0.923880, 
-0.998796, 
-0.956940, 
-0.803207, 
-0.555569, 
-0.242979, 
0.098018, 
0.427556, 
0.707108, 
0.903990, 
0.995185, 
0.970031, 
0.831469, 
0.595698, 
0.290284, 
-0.049069, 
-0.382684, 
-0.671560, 
-0.881922, 
-0.989177, 
-0.980785, 
-0.857728, 
-0.634392, 
-0.336889, 
0.000000, 
0.382683, 
0.707107, 
0.923880, 
1.000000, 
0.923880, 
0.707107, 
0.382683, 
0.000000, 
-0.382684, 
-0.707107, 
-0.923880, 
-1.000000, 
-0.923879, 
-0.707107, 
-0.382683, 
0.000000, 
0.382684, 
0.707107, 
0.923880, 
1.000000, 
0.923879, 
0.707107, 
0.382683, 
0.000000, 
-0.382684, 
-0.707107, 
-0.923880, 
-1.000000, 
-0.923879, 
-0.707107, 
-0.382683, 
0.000000, 
0.382684, 
0.707107, 
0.923880, 
1.000000, 
0.923879, 
0.707106, 
0.382683, 
0.000000, 
-0.382684, 
-0.707107, 
-0.923880, 
-1.000000, 
-0.923879, 
-0.707106, 
-0.382683, 
0.000001, 
0.382684, 
0.707107, 
0.923880, 
1.000000, 
0.923879, 
0.707106, 
0.382683, 
-0.000001, 
-0.382684, 
-0.707107, 
-0.923880, 
-1.000000, 
-0.923879, 
-0.707106, 
-0.382683, 
0.000001, 
0.382684, 
0.707107, 
0.923880, 
1.000000, 
0.923879, 
0.707106, 
0.382683, 
-0.000001, 
-0.382684, 
-0.707107, 
-0.923880, 
-1.000000, 
-0.923879, 
-0.707106, 
-0.382683, 
0.000001, 
0.382684, 
0.707107, 
0.923880, 
1.000000, 
0.923879, 
0.707106, 
0.382683, 
-0.000001, 
-0.382684, 
-0.707107, 
-0.923880, 
-1.000000, 
-0.923879, 
-0.707106, 
-0.382682, 
0.000001, 
0.382684, 
0.707108, 
0.923880, 
1.000000, 
0.923879, 
0.707106, 
0.382682, 
-0.000001, 
-0.382684, 
-0.707108, 
-0.923880, 
-1.000000, 
-0.923879, 
-0.707106, 
-0.382682, 
0.000001, 
0.382685, 
0.707108, 
0.923880, 
1.000000, 
0.923879, 
0.707106, 
0.382682, 
-0.000001, 
-0.382685, 
-0.707108, 
-0.923880, 
-1.000000, 
-0.923879, 
-0.707106, 
-0.382682, 
0.000000, 
0.427555, 
0.773010, 
0.970031, 
0.980785, 
0.803207, 
0.471397, 
0.049068, 
-0.382684, 
-0.740951, 
-0.956940, 
-0.989176, 
-0.831470, 
-0.514103, 
-0.098017, 
0.336890, 
0.707107, 
0.941544, 
0.995185, 
0.857728, 
0.555570, 
0.146730, 
-0.290285, 
-0.671559, 
-0.923880, 
-0.998795, 
-0.881921, 
-0.595699, 
-0.195090, 
0.242981, 
0.634394, 
0.903989, 
1.000000, 
0.903989, 
0.634393, 
0.242980, 
-0.195091, 
-0.595700, 
-0.881921, 
-0.998795, 
-0.923879, 
-0.671559, 
-0.290284, 
0.146731, 
0.555571, 
0.857729, 
0.995185, 
0.941544, 
0.707106, 
0.336889, 
-0.098018, 
-0.514103, 
-0.831470, 
-0.989177, 
-0.956940, 
-0.740951, 
-0.382683, 
0.049068, 
0.471397, 
0.803208, 
0.980785, 
0.970031, 
0.773010, 
0.427554, 
-0.000001, 
-0.427556, 
-0.773011, 
-0.970031, 
-0.980785, 
-0.803207, 
-0.471396, 
-0.049067, 
0.382684, 
0.740952, 
0.956941, 
0.989176, 
0.831469, 
0.514102, 
0.098016, 
-0.336891, 
-0.707107, 
-0.941544, 
-0.995185, 
-0.857728, 
-0.555569, 
-0.146729, 
0.290286, 
0.671560, 
0.923880, 
0.998795, 
0.881921, 
0.595698, 
0.195089, 
-0.242981, 
-0.634394, 
-0.903990, 
-1.000000, 
-0.903989, 
-0.634392, 
-0.242979, 
0.195092, 
0.595700, 
0.881922, 
0.998796, 
0.923879, 
0.671558, 
0.290283, 
-0.146732, 
-0.555571, 
-0.857729, 
-0.995185, 
-0.941544, 
-0.707106, 
-0.336889, 
0.098019, 
0.514104, 
0.831470, 
0.989177, 
0.956940, 
0.740950, 
0.382682, 
-0.049069, 
-0.471398, 
-0.803208, 
-0.980786, 
-0.970031, 
-0.773009, 
-0.427554, 
0.000000, 
0.471397, 
0.831470, 
0.995185, 
0.923880, 
0.634393, 
0.195090, 
-0.290285, 
-0.707107, 
-0.956940, 
-0.980785, 
-0.773010, 
-0.382683, 
0.098017, 
0.555570, 
0.881921, 
1.000000, 
0.881921, 
0.555570, 
0.098017, 
-0.382684, 
-0.773011, 
-0.980785, 
-0.956940, 
-0.707107, 
-0.290284, 
0.195091, 
0.634394, 
0.923880, 
0.995185, 
0.831469, 
0.471396, 
0.000000, 
-0.471397, 
-0.831470, 
-0.995185, 
-0.923879, 
-0.634393, 
-0.195090, 
0.290285, 
0.707107, 
0.956940, 
0.980785, 
0.773010, 
0.382683, 
-0.098018, 
-0.555571, 
-0.881922, 
-1.000000, 
-0.881921, 
-0.555570, 
-0.098016, 
0.382684, 
0.773011, 
0.980785, 
0.956940, 
0.707106, 
0.290284, 
-0.195091, 
-0.634394, 
-0.923880, 
-0.995185, 
-0.831469, 
-0.471396, 
0.000001, 
0.471398, 
0.831470, 
0.995185, 
0.923879, 
0.634393, 
0.195089, 
-0.290286, 
-0.707107, 
-0.956941, 
-0.980785, 
-0.773010, 
-0.382682, 
0.098018, 
0.555571, 
0.881922, 
1.000000, 
0.881921, 
0.555569, 
0.098016, 
-0.382684, 
-0.773011, 
-0.980786, 
-0.956940, 
-0.707106, 
-0.290284, 
0.195092, 
0.634394, 
0.923880, 
0.995185, 
0.831469, 
0.471396, 
-0.000001, 
-0.471398, 
-0.831470, 
-0.995185, 
-0.923879, 
-0.634392, 
-0.195089, 
0.290286, 
0.707108, 
0.956941, 
0.980785, 
0.773010, 
0.382682, 
-0.098019, 
-0.555571, 
-0.881922, 
-1.000000, 
-0.881921, 
-0.555569, 
-0.098016, 
0.382685, 
0.773011, 
0.980786, 
0.956940, 
0.707106, 
0.290283, 
-0.195092, 
-0.634395, 
-0.923880, 
-0.995185, 
-0.831469, 
-0.471395, 
0.000000, 
0.514103, 
0.881921, 
0.998795, 
0.831470, 
0.427555, 
-0.098017, 
-0.595699, 
-0.923880, 
-0.989176, 
-0.773010, 
-0.336890, 
0.195090, 
0.671559, 
0.956940, 
0.970031, 
0.707107, 
0.242980, 
-0.290285, 
-0.740951, 
-0.980785, 
-0.941544, 
-0.634393, 
-0.146730, 
0.382684, 
0.803208, 
0.995185, 
0.903989, 
0.555570, 
0.049067, 
-0.471397, 
-0.857729, 
-1.000000, 
-0.857728, 
-0.471396, 
0.049068, 
0.555571, 
0.903990, 
0.995185, 
0.803207, 
0.382683, 
-0.146731, 
-0.634394, 
-0.941544, 
-0.980785, 
-0.740951, 
-0.290284, 
0.242981, 
0.707107, 
0.970031, 
0.956940, 
0.671558, 
0.195090, 
-0.336891, 
-0.773011, 
-0.989177, 
-0.923879, 
-0.595699, 
-0.098016, 
0.427556, 
0.831470, 
0.998796, 
0.881921, 
0.514102, 
-0.000001, 
-0.514104, 
-0.881922, 
-0.998795, 
-0.831469, 
-0.427554, 
0.098018, 
0.595700, 
0.923880, 
0.989176, 
0.773010, 
0.336889, 
-0.195091, 
-0.671560, 
-0.956941, 
-0.970031, 
-0.707106, 
-0.242979, 
0.290286, 
0.740952, 
0.980786, 
0.941544, 
0.634392, 
0.146729, 
-0.382685, 
-0.803208, 
-0.995185, 
-0.903989, 
-0.555569, 
-0.049066, 
0.471398, 
0.857729, 
1.000000, 
0.857728, 
0.471395, 
-0.049069, 
-0.555571, 
-0.903990, 
-0.995185, 
-0.803207, 
-0.382682, 
0.146732, 
0.634395, 
0.941545, 
0.980785, 
0.740950, 
0.290283, 
-0.242982, 
-0.707108, 
-0.970032, 
-0.956940, 
-0.671558, 
-0.195089, 
0.336892, 
0.773012, 
0.989177, 
0.923879, 
0.595698, 
0.098015, 
-0.427557, 
-0.831471, 
-0.998796, 
-0.881920, 
-0.514101, 
0.000000, 
0.555570, 
0.923880, 
0.980785, 
0.707107, 
0.195090, 
-0.382684, 
-0.831470, 
-1.000000, 
-0.831470, 
-0.382683, 
0.195090, 
0.707107, 
0.980785, 
0.923879, 
0.555570, 
0.000000, 
-0.555570, 
-0.923880, 
-0.980785, 
-0.707107, 
-0.195090, 
0.382684, 
0.831470, 
1.000000, 
0.831469, 
0.382683, 
-0.195091, 
-0.707107, 
-0.980785, 
-0.923879, 
-0.555570, 
0.000001, 
0.555571, 
0.923880, 
0.980785, 
0.707106, 
0.195090, 
-0.382684, 
-0.831470, 
-1.000000, 
-0.831469, 
-0.382683, 
0.195091, 
0.707107, 
0.980785, 
0.923879, 
0.555570, 
-0.000001, 
-0.555571, 
-0.923880, 
-0.980785, 
-0.707106, 
-0.195089, 
0.382684, 
0.831470, 
1.000000, 
0.831469, 
0.382683, 
-0.195091, 
-0.707107, 
-0.980785, 
-0.923879, 
-0.555569, 
0.000001, 
0.555571, 
0.923880, 
0.980785, 
0.707106, 
0.195089, 
-0.382684, 
-0.831470, 
-1.000000, 
-0.831469, 
-0.382682, 
0.195092, 
0.707108, 
0.980786, 
0.923879, 
0.555569, 
-0.000001, 
-0.555571, 
-0.923880, 
-0.980785, 
-0.707106, 
-0.195089, 
0.382685, 
0.831470, 
1.000000, 
0.831469, 
0.382682, 
-0.195092, 
-0.707108, 
-0.980786, 
-0.923879, 
-0.555569, 
0.000002, 
0.555572, 
0.923880, 
0.980785, 
0.707106, 
0.195089, 
-0.382685, 
-0.831471, 
-1.000000, 
-0.831469, 
-0.382682, 
0.195092, 
0.707108, 
0.980786, 
0.923879, 
0.555569, 
-0.000002, 
-0.555572, 
-0.923880, 
-0.980785, 
-0.707105, 
-0.195088, 
0.382685, 
0.831471, 
1.000000, 
0.831469, 
0.382682, 
-0.195092, 
-0.707108, 
-0.980786, 
-0.923879, 
-0.555569, 
0.000000, 
0.595699, 
0.956940, 
0.941544, 
0.555570, 
-0.049068, 
-0.634393, 
-0.970031, 
-0.923879, 
-0.514103, 
0.098017, 
0.671559, 
0.980785, 
0.903989, 
0.471397, 
-0.146731, 
-0.707107, 
-0.989177, 
-0.881921, 
-0.427555, 
0.195091, 
0.740951, 
0.995185, 
0.857728, 
0.382683, 
-0.242981, 
-0.773011, 
-0.998795, 
-0.831469, 
-0.336889, 
0.290285, 
0.803208, 
1.000000, 
0.803207, 
0.290284, 
-0.336890, 
-0.831470, 
-0.998795, 
-0.773010, 
-0.242980, 
0.382684, 
0.857729, 
0.995185, 
0.740951, 
0.195090, 
-0.427556, 
-0.881922, 
-0.989176, 
-0.707106, 
-0.146730, 
0.471398, 
0.903990, 
0.980785, 
0.671558, 
0.098016, 
-0.514104, 
-0.923880, 
-0.970031, 
-0.634392, 
-0.049067, 
0.555571, 
0.941544, 
0.956940, 
0.595698, 
-0.000001, 
-0.595700, 
-0.956941, 
-0.941544, 
-0.555569, 
0.049069, 
0.634394, 
0.970032, 
0.923879, 
0.514102, 
-0.098018, 
-0.671560, 
-0.980786, 
-0.903989, 
-0.471396, 
0.146732, 
0.707108, 
0.989177, 
0.881921, 
0.427554, 
-0.195092, 
-0.740952, 
-0.995185, 
-0.857728, 
-0.382682, 
0.242982, 
0.773011, 
0.998796, 
0.831469, 
0.336888, 
-0.290286, 
-0.803209, 
-1.000000, 
-0.803207, 
-0.290283, 
0.336892, 
0.831471, 
0.998795, 
0.773009, 
0.242978, 
-0.382685, 
-0.857730, 
-0.995185, 
-0.740950, 
-0.195088, 
0.427557, 
0.881922, 
0.989176, 
0.707105, 
0.146728, 
-0.471399, 
-0.903990, 
-0.980785, 
-0.671557, 
-0.098015, 
0.514105, 
0.923880, 
0.970031, 
0.634392, 
0.049065, 
-0.555572, 
-0.941545, 
-0.956940, 
-0.595697, 
0.000000, 
0.634393, 
0.980785, 
0.881921, 
0.382683, 
-0.290285, 
-0.831470, 
-0.995185, 
-0.707107, 
-0.098017, 
0.555570, 
0.956940, 
0.923879, 
0.471397, 
-0.195091, 
-0.773011, 
-1.000000, 
-0.773010, 
-0.195090, 
0.471397, 
0.923880, 
0.956940, 
0.555570, 
-0.098018, 
-0.707107, 
-0.995185, 
-0.831469, 
-0.290284, 
0.382684, 
0.881922, 
0.980785, 
0.634393, 
-0.000001, 
-0.634394, 
-0.980785, 
-0.881921, 
-0.382683, 
0.290285, 
0.831470, 
0.995185, 
0.707106, 
0.098016, 
-0.555571, 
-0.956941, 
-0.923879, 
-0.471396, 
0.195091, 
0.773011, 
1.000000, 
0.773010, 
0.195089, 
-0.471398, 
-0.923880, 
-0.956940, 
-0.555569, 
0.098018, 
0.707108, 
0.995185, 
0.831469, 
0.290284, 
-0.382684, 
-0.881922, 
-0.980785, 
-0.634392, 
0.000001, 
0.634394, 
0.980786, 
0.881921, 
0.382682, 
-0.290286, 
-0.831470, 
-0.995185, 
-0.707106, 
-0.098016, 
0.555571, 
0.956941, 
0.923879, 
0.471395, 
-0.195092, 
-0.773011, 
-1.000000, 
-0.773009, 
-0.195089, 
0.471398, 
0.923880, 
0.956940, 
0.555569, 
-0.098019, 
-0.707108, 
-0.995185, 
-0.831469, 
-0.290283, 
0.382685, 
0.881922, 
0.980785, 
0.634392, 
-0.000002, 
-0.634395, 
-0.980786, 
-0.881920, 
-0.382682, 
0.290287, 
0.831471, 
0.995185, 
0.707105, 
0.098015, 
-0.555572, 
-0.956941, 
-0.923879, 
-0.471395, 
0.195092, 
0.773012, 
1.000000, 
0.773009, 
0.195088, 
-0.471399, 
-0.923880, 
-0.956940, 
-0.555568, 
0.098019, 
0.707108, 
0.995185, 
0.831468, 
0.290282, 
-0.382686, 
-0.881922, 
-0.980785, 
-0.634391, 
0.000000, 
0.671559, 
0.995185, 
0.803207, 
0.195090, 
-0.514103, 
-0.956940, 
-0.903989, 
-0.382683, 
0.336890, 
0.881921, 
0.970031, 
0.555570, 
-0.146731, 
-0.773011, 
-0.998795, 
-0.707107, 
-0.049067, 
0.634394, 
0.989177, 
0.831469, 
0.242980, 
-0.471397, 
-0.941544, 
-0.923879, 
-0.427555, 
0.290285, 
0.857729, 
0.980785, 
0.595699, 
-0.098018, 
-0.740952, 
-1.000000, 
-0.740951, 
-0.098016, 
0.595700, 
0.980785, 
0.857728, 
0.290284, 
-0.427556, 
-0.923880, 
-0.941544, 
-0.471396, 
0.242981, 
0.831470, 
0.989176, 
0.634393, 
-0.049069, 
-0.707107, 
-0.998796, 
-0.773010, 
-0.146729, 
0.555571, 
0.970032, 
0.881921, 
0.336889, 
-0.382684, 
-0.903990, 
-0.956940, 
-0.514102, 
0.195092, 
0.803208, 
0.995185, 
0.671558, 
-0.000001, 
-0.671560, 
-0.995185, 
-0.803207, 
-0.195089, 
0.514104, 
0.956941, 
0.903989, 
0.382682, 
-0.336891, 
-0.881922, 
-0.970031, 
-0.555569, 
0.146732, 
0.773011, 
0.998795, 
0.707106, 
0.049066, 
-0.634395, 
-0.989177, 
-0.831469, 
-0.242978, 
0.471398, 
0.941545, 
0.923879, 
0.427553, 
-0.290286, 
-0.857730, 
-0.980785, 
-0.595698, 
0.098019, 
0.740952, 
1.000000, 
0.740950, 
0.098015, 
-0.595701, 
-0.980786, 
-0.857728, 
-0.290283, 
0.427557, 
0.923880, 
0.941543, 
0.471395, 
-0.242982, 
-0.831471, 
-0.989176, 
-0.634392, 
0.049070, 
0.707108, 
0.998796, 
0.773009, 
0.146728, 
-0.555572, 
-0.970032, 
-0.881920, 
-0.336888, 
0.382686, 
0.903990, 
0.956940, 
0.514101, 
-0.195093, 
-0.803209, 
-0.995184, 
-0.671557};